11,3
11,2
11,1
11,0
10,105
10,104
10,103
10,102
10,101
10,100
10,99
10,98
10,97
10,96
10,95
10,94
10,93
10,92
10,91
10,90
10,89
10,88
10,87
10,86
10,85
10,84
10,83
10,82
10,81
10,80
10,79
10,78
10,77
10,76
10,75
10,74
10,73
10,72
10,71
10,70
10,69
10,68
10,67
10,66
10,65
10,64
10,35
10,34
10,33
10,32
10,31
10,30
10,29
10,28
10,27
10,26
10,25
10,24
10,23
10,22
10,21
10,20
10,19
10,18
10,17
10,16
10,15
10,14
10,13
10,12
10,11
10,10
10,9
10,8
10,7
10,6
10,5
10,4
10,3
10,2
10,1
10,0
9,3
9,2
9,1
9,0
8,3
8,2
8,1
8,0
6,20
6,19
6,18
6,17
6,16
6,15
6,14
6,13
6,12
6,11
6,10
6,9
6,8
6,7
6,6
6,5
6,4
6,3
6,2
6,1
6,0
5,18
5,17
5,16
5,15
5,14
5,13
5,12
5,11
5,10
5,9
5,8
5,7
5,6
5,5
5,4
5,3
5,2
5,1
5,0
4,3
2,3
1,3
0,324
0,243
0,9
0,0
0,1
0,300
0,299
0,298
0,297
0,296
0,295
0,294
0,293
0,292
0,291
0,290
0,289
0,288
0,287
0,286
0,285
0,284
0,283
0,282
0,281
0,280
0,402
0,279
0,401
0,278
0,400
0,277
0,276
0,399
0,275
0,398
0,274
0,397
0,273
0,396
0,272
0,395
0,271
0,393
0,270
0,391
0,269
0,389
0,268
0,387
0,267
0,385
0,266
0,265
0,264
0,263
0,262
0,394
0,261
0,260
0,392
0,259
0,258
0,390
0,257
0,256
0,388
0,255
0,254
0,386
0,253
0,252
0,384
0,251
0,250
0,382
0,249
0,381
0,248
0,380
0,247
0,379
0,246
0,245
0,244
0,377
0,242
0,376
0,241
0,375
0,240
0,374
0,239
0,373
0,238
0,372
0,237
0,371
0,236
0,370
0,235
0,369
0,234
0,368
0,233
0,367
0,232
0,366
0,231
0,365
0,230
0,364
0,229
0,363
0,228
0,362
0,227
0,361
0,226
0,360
0,225
0,359
0,224
0,358
0,223
0,357
0,222
0,356
0,221
0,355
0,220
0,354
0,219
0,353
0,218
0,352
0,217
0,351
0,216
0,350
0,215
0,349
0,214
0,348
0,213
0,347
0,212
0,346
0,211
0,345
0,210
0,344
0,209
0,343
0,208
0,342
0,207
0,341
0,206
0,340
0,205
0,339
0,204
0,338
0,203
0,337
0,202
0,336
0,201
0,335
0,200
0,334
0,199
0,333
0,198
0,332
0,197
0,331
0,196
0,330
0,195
0,329
0,194
0,328
0,193
0,327
0,192
0,326
0,63
0,325
0,62
0,323
0,61
0,322
0,60
0,321
0,59
0,320
0,58
0,319
0,57
0,318
0,56
0,317
0,55
0,316
0,54
0,315
0,53
0,314
0,52
0,313
0,51
0,312
0,50
0,311
0,49
0,310
0,48
0,309
0,47
0,308
0,46
0,307
0,45
0,301
0,6
0,5
0,304
0,303
0,306
0,305
0,302
0,12
0,10
0,8
0,11
0,4
0,2
0,3
0,7
